simd_decile,age_group,total_deaths,crude_rate_mortality,smr_mortality
1,under65,284,62.2,189.5
1,65plus,1820,2261.7,117.8
2,under65,250,55.9,162.6
2,65plus,1969,2199.5,111.2
3,under65,208,47.6,131.5
3,65plus,2060,2067.7,103.3
4,under65,201,46.1,123.5
4,65plus,1971,1955.1,99.3
5,under65,156,36.3,93.6
5,65plus,2099,2002.8,101.3
6,under65,134,31.1,78
6,65plus,1977,1851.7,96.3
7,under65,119,27.2,68.7
7,65plus,2040,1968.5,101.9
8,under65,125,28.5,72.3
8,65plus,1914,1914.6,99.5
9,under65,98,22.3,57
9,65plus,1784,1778,92.2
10,under65,69,15.7,42.3
10,65plus,1596,1644.4,81.9
